DIFFUSION COEFFICIENT ESTIMATE
INPUT:
Trajectory: memtox2dprotein.dat
Number of dimensions : 2
Min/max timestep: 10/100
Number of segments: 20
Total number of trajectory data points per dim.: 200009
Data points per segment and dim.: 10000
Your chosen diffusion coefficient at 5 ps: 1.9689570536523056e-05 nm^2/ps
DIFFUSION COEFFICIENT OUTPUT SUMMARY:
t[ps] D[nm^2/ps] varD[nm^4/ps^2] Q
50 3.0202e-05 3.5628e-12 0.15363
55 2.9608e-05 3.7414e-12 0.27869
60 2.879e-05 3.9353e-12 0.20295
65 2.8325e-05 4.1655e-12 0.23588
70 2.8184e-05 4.3212e-12 0.29023
75 2.7746e-05 4.5093e-12 0.28436
80 2.755e-05 4.6881e-12 0.26695
85 2.7273e-05 4.9196e-12 0.29361
90 2.6903e-05 5.0615e-12 0.18759
95 2.6683e-05 5.2617e-12 0.22568
100 2.6467e-05 5.338e-12 0.28301
105 2.6398e-05 5.4938e-12 0.27900
110 2.561e-05 5.5663e-12 0.25895
115 2.6028e-05 5.7102e-12 0.35541
120 2.5408e-05 5.998e-12 0.29504
125 2.5467e-05 6.1834e-12 0.33792
130 2.5188e-05 6.3975e-12 0.34748
135 2.5136e-05 6.4315e-12 0.32780
140 2.4722e-05 6.502e-12 0.32419
145 2.4683e-05 6.7435e-12 0.31699
150 2.444e-05 6.9409e-12 0.34210
155 2.4881e-05 6.9418e-12 0.44186
160 2.4447e-05 7.1815e-12 0.33612
165 2.4596e-05 7.0831e-12 0.40096
170 2.399e-05 7.3924e-12 0.40812
175 2.3634e-05 7.299e-12 0.41446
180 2.3393e-05 7.4213e-12 0.37053
185 2.3204e-05 7.6467e-12 0.40368
190 2.3192e-05 7.8681e-12 0.46235
195 2.3093e-05 7.851e-12 0.48207
200 2.3283e-05 8.0207e-12 0.44288
205 2.2565e-05 8.2228e-12 0.37920
210 2.2715e-05 7.9647e-12 0.42956
215 2.3241e-05 8.0777e-12 0.51630
220 2.274e-05 8.4257e-12 0.42858
225 2.2112e-05 8.539e-12 0.39081
230 2.2743e-05 8.5174e-12 0.56077
235 2.2226e-05 8.7291e-12 0.47243
240 2.1884e-05 8.8156e-12 0.54643
245 2.2068e-05 8.9849e-12 0.45221
250 2.1855e-05 8.9884e-12 0.52848
255 2.2284e-05 9.2609e-12 0.45868
260 2.2195e-05 9.1746e-12 0.54556
265 2.2118e-05 9.4684e-12 0.49377
270 2.1585e-05 9.0975e-12 0.55571
275 2.143e-05 9.682e-12 0.47520
280 2.1445e-05 9.4664e-12 0.59645
285 2.1474e-05 1.0191e-11 0.46493
290 2.1144e-05 9.9055e-12 0.45189
295 2.1092e-05 9.7724e-12 0.50819
300 2.1316e-05 1.0403e-11 0.53260
305 2.1685e-05 9.8153e-12 0.44743
310 2.0476e-05 1.0441e-11 0.50617
315 2.1249e-05 1.0408e-11 0.48903
320 2.1676e-05 1.0471e-11 0.48376
325 2.0616e-05 1.0405e-11 0.60471
330 2.0752e-05 1.0908e-11 0.47351
335 2.1069e-05 1.0831e-11 0.56871
340 2.0359e-05 1.1334e-11 0.49586
345 2.031e-05 1.0938e-11 0.51398
350 2.0416e-05 1.1063e-11 0.59690
355 2.0045e-05 1.2014e-11 0.42464
360 2.0808e-05 1.1689e-11 0.51397
365 2.1009e-05 1.2044e-11 0.63353
370 2.0907e-05 1.1452e-11 0.54241
375 2.0774e-05 1.2239e-11 0.43305
380 2.0903e-05 1.1649e-11 0.51234
385 2.0311e-05 1.2076e-11 0.54928
390 2.041e-05 1.2325e-11 0.62951
395 2.0455e-05 1.2677e-11 0.52712
400 1.9821e-05 1.1806e-11 0.53620
405 2.0769e-05 1.2461e-11 0.48247
410 2.0187e-05 1.3016e-11 0.40329
415 1.9634e-05 1.236e-11 0.55018
420 1.9809e-05 1.2579e-11 0.58158
425 1.9663e-05 1.3381e-11 0.59483
430 2.0252e-05 1.266e-11 0.57981
435 1.9893e-05 1.3109e-11 0.64266
440 2.0668e-05 1.3297e-11 0.54204
445 2.0083e-05 1.269e-11 0.56758
450 1.9745e-05 1.3178e-11 0.53457
455 1.9779e-05 1.2982e-11 0.62172
460 1.969e-05 1.3652e-11 0.55964
465 2.0459e-05 1.3329e-11 0.47370
470 2.0062e-05 1.4004e-11 0.45469
475 1.9785e-05 1.2991e-11 0.57693
480 1.9851e-05 1.4111e-11 0.44810
485 1.9742e-05 1.4282e-11 0.46757
490 1.9986e-05 1.3805e-11 0.53752
495 2.0662e-05 1.4406e-11 0.55776

\DIFFUSION COEFFICIENT PER DIMENSION:
TIMESTEP Dx[nm^2/ps] Dy[nm^2/ps] ...
10.0000 [3.05726078e-05 2.98304036e-05]
11.0000 [2.97713143e-05 2.94446342e-05]
12.0000 [2.90914440e-05 2.84890467e-05]
13.0000 [2.85381097e-05 2.81118682e-05]
14.0000 [2.82114572e-05 2.81569573e-05]
15.0000 [2.78417832e-05 2.76509150e-05]
16.0000 [2.78652781e-05 2.72337619e-05]
17.0000 [2.76958198e-05 2.68503928e-05]
18.0000 [2.69713889e-05 2.68337470e-05]
19.0000 [2.69575382e-05 2.64081470e-05]
20.0000 [2.66250303e-05 2.63098027e-05]
21.0000 [2.62814077e-05 2.65148137e-05]
22.0000 [2.57367357e-05 2.54827049e-05]
23.0000 [2.62563348e-05 2.57997436e-05]
24.0000 [2.52065862e-05 2.56094350e-05]
25.0000 [2.56976254e-05 2.52361653e-05]
26.0000 [2.54243986e-05 2.49520457e-05]
27.0000 [2.53303016e-05 2.49422104e-05]
28.0000 [2.48575567e-05 2.45860528e-05]
29.0000 [2.50709127e-05 2.42957503e-05]
30.0000 [2.44487010e-05 2.44318734e-05]
31.0000 [2.45502646e-05 2.52121293e-05]
32.0000 [2.44408756e-05 2.44532709e-05]
33.0000 [2.54580709e-05 2.37332170e-05]
34.0000 [2.45807443e-05 2.33992322e-05]
35.0000 [2.39562249e-05 2.33118947e-05]
36.0000 [2.39737768e-05 2.28126991e-05]
37.0000 [2.34874356e-05 2.29210126e-05]
38.0000 [2.33791798e-05 2.30041276e-05]
39.0000 [2.33239772e-05 2.28615826e-05]
40.0000 [2.40512085e-05 2.25156631e-05]
41.0000 [2.27422655e-05 2.23878004e-05]
42.0000 [2.27004014e-05 2.27295335e-05]
43.0000 [2.33110599e-05 2.31705744e-05]
44.0000 [2.31002080e-05 2.23796718e-05]
45.0000 [2.22921153e-05 2.19326526e-05]
46.0000 [2.26311390e-05 2.28557342e-05]
47.0000 [2.24570969e-05 2.19957091e-05]
48.0000 [2.22454366e-05 2.15228227e-05]
49.0000 [2.17116472e-05 2.24249239e-05]
50.0000 [2.18505108e-05 2.18588827e-05]
51.0000 [2.25319857e-05 2.20359910e-05]
52.0000 [2.24789034e-05 2.19117831e-05]
53.0000 [2.20590973e-05 2.21767259e-05]
54.0000 [2.17169187e-05 2.14538989e-05]
55.0000 [2.16726776e-05 2.11879278e-05]
56.0000 [2.15097834e-05 2.13798490e-05]
57.0000 [2.20563802e-05 2.08907932e-05]
58.0000 [2.13998434e-05 2.08874441e-05]
59.0000 [2.06045810e-05 2.15786492e-05]
60.0000 [2.15230427e-05 2.11095196e-05]
61.0000 [2.16651406e-05 2.17054079e-05]
62.0000 [2.02917762e-05 2.06608393e-05]
63.0000 [2.12412859e-05 2.12572735e-05]
64.0000 [2.14773578e-05 2.18738442e-05]
65.0000 [2.08474375e-05 2.03847829e-05]
66.0000 [2.08606653e-05 2.06435210e-05]
67.0000 [2.09233838e-05 2.12143809e-05]
68.0000 [2.04988216e-05 2.02188772e-05]
69.0000 [2.0417594e-05 2.0201520e-05]
70.0000 [2.01656480e-05 2.06659514e-05]
71.0000 [1.98555492e-05 2.02342855e-05]
72.0000 [2.10314746e-05 2.05849554e-05]
73.0000 [2.04723474e-05 2.15456227e-05]
74.0000 [2.10428167e-05 2.07707864e-05]
75.0000 [2.07215370e-05 2.08258715e-05]
76.0000 [2.11642222e-05 2.06413384e-05]
77.0000 [1.99818439e-05 2.06407249e-05]
78.0000 [2.04618082e-05 2.03583542e-05]
79.0000 [2.04664144e-05 2.04429232e-05]
80.0000 [1.98795765e-05 1.97623908e-05]
81.0000 [2.09971689e-05 2.05415382e-05]
82.0000 [1.95977475e-05 2.07764370e-05]
83.0000 [1.89896718e-05 2.02792529e-05]
84.0000 [1.91293496e-05 2.04884027e-05]
85.0000 [2.00578231e-05 1.92685400e-05]
86.0000 [2.00274155e-05 2.04775573e-05]
87.0000 [1.96440237e-05 2.01427378e-05]
88.0000 [2.09786279e-05 2.03568322e-05]
89.0000 [2.01984980e-05 1.99674561e-05]
90.0000 [2.01243277e-05 1.93648134e-05]
91.0000 [1.97107051e-05 1.98475949e-05]
92.0000 [1.89136347e-05 2.04655064e-05]
93.0000 [1.9716420e-05 2.1201155e-05]
94.0000 [2.00801182e-05 2.00444838e-05]
95.0000 [1.93085576e-05 2.02608030e-05]
96.0000 [1.94125445e-05 2.02901572e-05]
97.0000 [1.94595157e-05 2.00236710e-05]
98.0000 [1.98884483e-05 2.00835006e-05]
99.0000 [2.02421215e-05 2.10824760e-05]
100.0000 [1.92979626e-05 1.98315619e-05]
